,dist,class
13,5.358171329847526,0
8,5.456189146281496,0
3,5.74978260458602,0
12,5.831809324729333,0
2,5.8360945845659495,0
6,5.896609195122227,0
1,5.916924876994806,0
22,5.929586832149437,0
9,5.989991652748776,0
11,6.099180272790763,0
24,6.18465843842649,0
7,6.232976816898968,0
4,6.321392251711643,0
23,6.32771680782255,0
0,6.345076831686122,0
17,6.34901567173999,0
57,6.45445582524197,1
21,6.4892218331630485,0
60,6.5,1
19,6.541406576570516,0
20,6.606814663663573,0
10,6.71863081289633,0
16,6.798529252713414,0
5,6.8862181202747275,0
18,7.064700984472025,0
14,7.149825172687791,0
59,7.176350047203662,1
53,7.295889253545451,1
106,7.307530362578045,2
69,7.35051018637482,1
15,7.366138744281159,0
64,7.376991256603196,1
62,7.605261336732617,1
67,7.664202502543889,1
55,7.891134265744057,1
71,7.92085853932514,1
66,7.928429857165919,1
61,7.981227975693966,1
68,8.110487038396647,1
121,8.198170527623832,2
113,8.230431337420901,2
119,8.2516664983505,2
73,8.281304245105357,1
74,8.33966426182733,1
63,8.346855695410099,1
101,8.399404740813482,2
70,8.445708969648432,1
72,8.497058314499201,1
114,8.558621384311845,2
54,8.573214099741124,1
51,8.584870412533903,1
123,8.615683373940804,2
58,8.649855490122363,1
56,8.673522929006413,1
65,8.707468059085832,1
111,8.941476388158726,2
110,9.082951062292475,2
103,9.093954035511725,2
50,9.12633551870629,1
52,9.136739024400336,1
115,9.196738552334736,2
116,9.205433178292045,2
108,9.381897462667133,2
104,9.472592042308166,2
112,9.481561052906846,2
124,9.627045237246993,2
100,9.634832639957997,2
120,9.779059259458448,2
102,9.931263766510282,2
107,10.228880681677737,2
