3.84 10.03 1
7.48 6.33 1
1.64 2.96 1
4.01 3.85 1
6.51 5.67 1
-1.72 6.64 1
8.33 5.06 1
0.31 4.42 1
4.74 8.67 1
4.47 7.26 1
5.31 4.03 1
6.53 3.27 1
1.53 7.02 1
7.75 5.49 1
4.92 4.74 1
5.39 2.07 1
2.34 -1.35 1
4.89 3.05 1
5.78 8.26 1
5.24 3.97 1
6.06 3.34 1
2.26 3.68 1
-0.04 5.53 1
4.79 3.26 1
2.50 -0.73 1
4.75 3.36 1
5.81 7.60 1
1.77 7.28 1
1.00 6.73 1
2.84 5.59 1
3.05 5.00 1
4.50 2.56 1
4.36 6.43 1
7.27 3.78 1
4.67 5.97 1
6.65 2.33 1
4.40 4.62 1
2.07 7.17 1
6.58 4.64 1
3.36 5.56 1
1.45 4.14 1
6.07 4.29 1
6.33 5.82 1
6.02 4.10 1
3.33 5.92 1
5.04 3.47 1
3.24 2.88 1
5.25 4.11 1
3.98 6.93 1
6.54 6.38 1
4.56 6.91 1
3.92 9.54 1
5.45 4.30 1
2.12 3.22 1
4.51 6.77 1
2.37 4.07 1
3.81 6.05 1
7.42 7.10 1
5.52 6.92 1
4.00 4.53 1
5.87 9.46 1
5.64 4.82 1
4.09 1.52 1
2.18 3.05 1
9.01 7.53 1
5.11 8.09 1
8.68 4.96 1
4.89 8.76 1
7.76 5.86 1
6.33 4.11 1
4.98 7.23 1
1.42 3.52 1
3.35 2.02 1
4.22 -1.52 1
7.20 7.06 1
7.04 6.60 1
5.61 2.96 1
4.83 2.34 1
6.15 0.35 1
3.78 2.92 1
7.30 4.20 1
3.38 6.68 1
1.70 3.99 1
4.71 9.53 1
1.66 2.86 1
5.69 2.70 1
7.80 5.00 1
1.86 4.77 1
1.24 4.61 1
4.45 5.26 1
4.81 5.90 1
7.61 6.79 1
5.72 4.42 1
5.95 2.84 1
3.26 4.86 1
4.96 7.49 1
7.37 10.22 1
6.56 5.00 1
4.42 1.90 1
4.28 1.32 1
9.00 8.45 2
8.17 9.04 2
9.52 12.93 2
8.07 8.47 2
10.60 11.50 2
12.31 10.31 2
11.71 10.85 2
10.21 5.80 2
10.54 8.07 2
9.67 9.73 2
8.43 7.65 2
8.22 5.09 2
9.04 10.81 2
10.33 9.15 2
7.54 10.36 2
9.45 7.65 2
10.27 5.39 2
10.58 13.49 2
10.87 9.57 2
13.04 11.39 2
9.17 8.16 2
10.79 9.62 2
7.72 11.77 2
11.33 12.99 2
9.27 8.12 2
11.09 11.55 2
13.89 11.12 2
8.83 8.83 2
9.52 8.73 2
12.49 10.15 2
12.02 14.71 2
10.62 9.97 2
9.41 11.33 2
8.89 9.88 2
8.56 10.63 2
8.84 9.64 2
10.40 9.36 2
10.40 9.98 2
12.35 15.65 2
10.07 10.39 2
10.75 9.00 2
9.02 8.85 2
10.23 13.87 2
8.24 6.58 2
11.02 10.19 2
7.91 7.29 2
10.18 6.68 2
11.46 12.12 2
10.56 11.61 2
10.84 12.03 2
9.31 11.42 2
6.19 7.06 2
9.32 10.39 2
10.56 7.21 2
7.82 4.32 2
8.84 9.05 2
12.33 14.34 2
9.84 6.84 2
10.10 9.03 2
7.87 12.42 2
9.93 14.48 2
11.34 13.92 2
7.50 10.19 2
9.44 8.81 2
9.56 11.07 2
10.54 9.00 2
11.90 13.31 2
12.42 11.65 2
10.74 8.40 2
12.19 11.33 2
9.13 11.46 2
9.64 13.19 2
8.40 6.18 2
13.16 9.99 2
7.36 9.39 2
10.66 12.04 2
9.46 10.31 2
10.64 9.53 2
7.76 16.64 2
7.47 5.04 2
10.43 13.87 2
12.79 11.06 2
10.69 7.73 2
10.90 9.60 2
8.97 11.77 2
10.47 12.11 2
9.12 5.44 2
9.04 11.24 2
8.72 10.27 2
9.51 11.99 2
11.22 14.18 2
13.15 6.40 2
10.39 12.93 2
9.78 8.36 2
7.99 7.40 2
11.14 8.71 2
10.84 10.88 2
8.76 8.63 2
11.20 11.38 2
11.88 9.29 2
