55.377
68.339
27.412
58.622
53.188
36.923
45.664
53.426
85.784
77.694
36.501
80.349
57.254
49.369
57.147
47.95
48.759
64.897
64.09
64.172
56.715
37.925
57.172
66.302
54.889
60.347
57.269
46.966
52.939
42.127
58.884
38.529
39.311
41.905
20.557
64.384
53.252
42.451
63.703
32.885
48.978
47.586
53.192
53.129
41.351
49.699
48.351
56.277
60.933
61.093
41.363
50.774
37.859
38.865
49.932
65.326
42.303
53.714
47.744
61.174
39.109
50.326
55.525
61.006
65.442
50.859
35.084
42.577
39.384
73.505
43.844
57.481
48.076
58.886
42.352
35.977
35.776
54.882
48.226
48.039
64.193
52.916
51.978
65.877
41.955
56.966
58.351
47.563
52.157
38.342
38.52
51.049
57.223
75.855
43.331
51.873
49.175
30.67
45.61
32.053
58.404
41.12
51.001
44.555
53.035
43.997
54.9
57.394
67.119
48.059
28.616
41.604
63.546
39.278
59.61
51.24
64.367
30.391
48.023
37.922
79.08
58.252
63.79
39.418
45.314
47.275
60.984
47.221
57.015
29.482
46.462
41.764
34.229
55.08
52.82
50.335
36.663
61.275
53.502
47.009
50.229
47.38
32.498
47.143
41.686
40.208
38.436
44.664
29.974
59.642
55.201
49.8
49.652
42.018
60.187
48.668
42.855
63.514
47.752
44.11
47.062
41.521
38.799
75.26
66.555
53.075
37.429
41.345
48.235
57.914
36.68
26.701
35.509
53.335
53.914
54.517
48.697
51.837
45.238
58.62
36.383
54.55
41.513
46.651
55.528
60.391
38.824
62.607
56.601
49.321
48.048
47.824
46.969
50.23
50.513
58.261
65.27
54.669
47.903
56.252
51.832
39.702
59.492
53.071
51.352
55.152
52.614
40.585
48.377
48.539
44.68
66.821
41.243
45.162
42.88
38.258
48.078
47.259
65.301
47.51
39.358
66.035
62.347
47.704
34.938
45.554
48.441
52.761
47.388
54.434
53.919
37.493
40.52
42.589
44.922
46.794
50.125
19.708
45.43
62.424
39.333
59.337
53.503
49.71
51.825
34.349
49.155
66.039
50.983
50.414
42.658
49.692
52.323
54.264
46.272
47.635
70.237
27.416
72.294
53.376
60.001
33.358
44.1
47.219
54.227
33.298
54.716
37.872
50.662
56.524
53.271
60.826
60.061
43.491
52.571
40.556
36.782
59.248
50
49.451
59.111
55.946
53.502
62.503
59.298
52.398
43.096
43.484
61.921
33.882
49.755
30.512
60.205
58.617
50.012
49.292
25.137
55.812
28.076
26.807
50.799
40.515
54.115
56.77
58.577
43.088
54.494
51.006
58.261
55.362
58.979
48.681
48.528
60.078
28.763
44.954
37.294
46.174
56.487
58.257
39.851
45.289
51.37
47.081
53.018
53.999
40.7
48.232
28.679
61.454
43.709
37.962
47.461
35.714
49.791
44.393
71.778
61.385
25.031
54.413
36.019
47.449
51.644
57.477
47.27
65.763
45.191
53.275
56.647
50.852
58.81
53.232
42.159
31.946
68.586
43.955
51.034
55.632
51.136
40.953
45.323
48.751
64.79
41.392
57.847
53.086
47.661
39.43
47.159
49.133
35.306
51.922
41.777
49.058
53.362
40.953
47.117
53.501
31.641
60.36
74.245
59.594
46.842
54.286
39.64
68.779
59.407
57.873
41.241
53.199
44.417
46.886
44.3
39.743
40.913
47.901
33.011
56.076
48.822
56.992
52.696
54.943
35.169
39.797
45.53
51.097
61.287
47.1
62.616
54.754
61.741
51.269
43.432
35.186
51.555
58.186
47.074
44.592
46.914
39.034
45.07
48.193
50.458
49.362
56.113
51.093
68.14
53.12
68.045
42.769
55.265
47.397
56.001
55.939
28.14
36.73
35.59
54.018
64.702
46.732
58.123
55.455
39.484
53.975
42.481
65.163
49.674
66.36
45.749
55.894
49.372
29.78
40.179
56.125
49.451
38.813
43.736
52.495
40.07
59.75
43.593
68.089
39.201
51.992
34.79
42.764
44.067
54.013
59.421
53.005
46.269
58.155
57.989
51.202
55.712
54.128
40.13
57.596
43.428
43.961
51.769
46.925
48.682
55.954
60.468
48.02
53.277
47.617
52.296
54.4
43.831
52.748
56.011
50.923
67.298
43.914
42.629
32.501
59.105
58.671
49.201
58.985
51.837
52.908
51.129
54.4
51.017
77.873
38.333
31.457
38.593
39.067
45.664
48.315
47.815
55.413
53.893
57.512
67.783
62.231
37.167
26.71
59.019
31.644
50.668
50.355
72.272
49.308
44.927
52.358
52.458
50.7
43.914
37.774
53.165
36.571
39.678
63.312
45.811
48.597
58.998
46.999
60.294
46.549
60.128
56.293
47.87
41.343
39.569
47.299
45.619
45.913
59.835
47.023
61.437
44.684
59.726
44.777
51.766
59.707
45.86
45.617
70.034
59.51
45.68
56.489
46.399
57.059
64.158
33.955
60.289
64.58
50.475
67.463
51.554
37.629
28.065
46.666
57.135
53.174
54.136
44.229
51.44
33.613
42.399
41.812
55.197
49.858
38.445
49.905
43.102
43.333
58.641
51.134
53.984
58.84
51.803
55.509
56.83
61.706
54.759
64.122
50.226
49.521
67.013
44.903
49.971
59.199
51.498
64.049
60.341
52.916
42.223
55.667
36.174
52.445
58.084
52.13
58.797
70.389
59.239
52.669
56.417
54.255
36.853
45.836
62.247
49.564
55.824
39.935
50.645
56.003
36.385
53.476
48.182
40.605
49.625
31.037
28.72
38.231
40.095
38.27
32.746
52.882
34.058
51.102
57.871
49.978
50.931
46.218
35.173
49.562
59.608
67.382
45.698
33.727
51.663
53.763
47.73
38.511
70.243
26.405
44.9
36.784
43.639
53.179
51.38
42.893
57.77
56.224
56.474
45.744
60.486
56.607
75.088
60.635
61.569
50.53
37.116
46.288
42.422
44.36
55.551
44.432
41.049
45.907
48.391
54.093
40.474
53.173
50.78
63.244
47.868
48.655
38.286
36.147
53.105
47.505
55.037
41.073
69.085
51.222
60.47
47.731
48.375
56.901
55.558
38.797
34.673
39.021
35.842
50.596
45.887
46.32
36.39
57.796
54.394
49.104
60.212
41.26
54.147
53.484
53.493
42.708
53.268
44.851
41.036
37.967
60.378
41.541
48.271
37.913
47.029
17.68
39.13
35.736
39.855
47.867
46.747
69.444
44.282
47.5
34.307
45.226
36.62
50.303
58.531
54.043
42.994
33.695
64.6
70.5
51.205
40.101
61.978
44.073
45.302
58.864
36.148
30.432
54.207
54.007
50.951
54.967
60.822
59.704
44.314
58.1
51.732
44.945
38.067
56.47
46.464
50.464
42.071
34.495
51.716
49.379
61.99
58.017
60.533
42.511
40.637
37.309
54.98
77.891
57.276
42.269
58.366
38.717
35.755
57.174
42.221
53.16
64.065
54.011
59.297
33.942
56.615
71.385
55.411
34.591
47.969
45
53.83
54.12
54.055
46.362
44.007
44.104
58.535
31.47
47.927
52.704
43.472
54.772
49.287
40.617
51.614
47.318
45.901
42.887
50.614
31.539
46.017
44.565
40.881
56.527
42.657
55.406
59.758
48.431
52.778
56.395
49.19
55.409
37.374
61.104
40.104
31.712
63.845
49.373
54.489
46.367
39.794
19.27
56.263
47.133
48.027
54.056
35.807
42.706
61.473
55.979
37.187
27.967
44.288
52.14
59.424
50.937
38.777
53.062
38.277
40.39
43.463
37.706
47.29
41
47.143
45.376
45.902
44.965
62.333
56.103
50.591
35.331
33.742
30.352
76.052
59.724
52.57
40.258
38.536
55.476
65.651
33.067
45.506
49.157
30.08
58.412
45.853
69.122
46.091
54.092
38.576
43.751
38.313
53.926
63.018
44.064
54.364
44.956
51.021
61.963
51.203
39.632
41.429
48.301
48.083
41.342
51.807
62.665
47.488
47.954
27.985
42.255
36.067
46.138
55.256
65.233
67.985
48.831
46.798
58.175
54.902
57.653
57.783
35.197
55.404
49.085
42.397
43.064
62.815
41.903
37.632
52.147
70.108
50.256
53.083
40.618
66.742
51.25
55.301
40.479
58.54
53.891
38.44
50.397
45.494
51.092
47.494
48.101
39.671
46.767
57.665
67.447
38.395
73.774
65.261
51.685
46.988
43.013
58.328
43.054
45.381
58.836
54.359
58.967
55.047
45.991
44.862
57.964
43.288
61.867
57.907
52.877
50.032
53.656
85.267
48.876
34.434
69.151
56.098
43.521
76.173
55.51
52.942
42.222
39.351
32.316
45.771
39.469
56.478
46.824
67.69
65.106
51.64
47.172
61.522
38.535
